0.000000000000000000e+00
5.000000000000000278e-02
1.000000000000000056e-01
1.499999999999999944e-01
2.000000000000000111e-01
2.500000000000000000e-01
2.999999999999999889e-01
3.499999999999999223e-01
4.000000000000000222e-01
4.499999999999999556e-01
5.000000000000000000e-01
5.500000000000000444e-01
5.999999999999999778e-01
6.500000000000000222e-01
6.999999999999998446e-01
7.500000000000000000e-01
8.000000000000000444e-01
8.500000000000000888e-01
8.999999999999999112e-01
9.499999999999999556e-01
1.000000000000000000e+00
1.050000000000000044e+00
1.100000000000000089e+00
1.149999999999999689e+00
1.199999999999999956e+00
1.250000000000000000e+00
1.300000000000000044e+00
1.350000000000000089e+00
1.399999999999999689e+00
1.449999999999999956e+00
1.500000000000000000e+00
1.550000000000000044e+00
1.600000000000000089e+00
1.649999999999999689e+00
1.700000000000000178e+00
1.749999999999999778e+00
1.799999999999999822e+00
1.850000000000000089e+00
1.899999999999999911e+00
1.950000000000000178e+00
2.000000000000000000e+00
2.049999999999999378e+00
2.100000000000000089e+00
2.149999999999999911e+00
2.200000000000000178e+00
2.250000000000000000e+00
2.299999999999999378e+00
2.350000000000000089e+00
2.399999999999999911e+00
2.450000000000000178e+00
2.500000000000000000e+00
2.549999999999999822e+00
2.600000000000000089e+00
2.650000000000000355e+00
2.700000000000000178e+00
2.750000000000000000e+00
2.799999999999999378e+00
2.850000000000000533e+00
2.899999999999999911e+00
2.950000000000000622e+00
3.000000000000000000e+00
3.049999999999999822e+00
3.100000000000000089e+00
3.149999999999999911e+00
3.200000000000000178e+00
3.250000000000000000e+00
3.299999999999999378e+00
3.350000000000000089e+00
3.400000000000000355e+00
3.450000000000000178e+00
3.499999999999999556e+00
3.549999999999999822e+00
3.599999999999999645e+00
3.649999999999999911e+00
3.700000000000000178e+00
3.750000000000000000e+00
3.799999999999999822e+00
3.850000000000000089e+00
3.900000000000000355e+00
3.950000000000000178e+00
4.000000000000000000e+00
4.050000000000000711e+00
4.099999999999998757e+00
4.150000000000000355e+00
4.200000000000000178e+00
4.250000000000000000e+00
4.299999999999999822e+00
4.349999999999999645e+00
4.400000000000000355e+00
4.450000000000000178e+00
4.500000000000000000e+00
4.549999999999999822e+00
4.599999999999998757e+00
4.650000000000000355e+00
4.700000000000000178e+00
4.750000000000000000e+00
4.799999999999999822e+00
4.849999999999999645e+00
4.900000000000000355e+00
4.950000000000000178e+00
5.000000000000000000e+00
5.049999999999999822e+00
5.099999999999999645e+00
5.150000000000000355e+00
5.200000000000000178e+00
5.250000000000000000e+00
5.300000000000000711e+00
5.349999999999998757e+00
5.400000000000000355e+00
5.450000000000000178e+00
5.500000000000000000e+00
5.550000000000000711e+00
5.599999999999998757e+00
5.650000000000000355e+00
5.700000000000001066e+00
5.749999999999999112e+00
5.799999999999999822e+00
5.849999999999999645e+00
5.900000000000001243e+00
5.949999999999999289e+00
6.000000000000000000e+00
6.049999999999999822e+00
6.099999999999999645e+00
6.150000000000000355e+00
6.200000000000000178e+00
6.250000000000000000e+00
6.299999999999999822e+00
6.349999999999999645e+00
6.400000000000000355e+00
6.450000000000000178e+00
6.500000000000000000e+00
6.550000000000000711e+00
6.599999999999998757e+00
6.650000000000000355e+00
6.700000000000000178e+00
6.750000000000000000e+00
6.800000000000000711e+00
6.849999999999998757e+00
6.900000000000000355e+00
6.950000000000001066e+00
6.999999999999999112e+00
7.049999999999999822e+00
7.099999999999999645e+00
7.150000000000001243e+00
7.199999999999999289e+00
7.250000000000000000e+00
7.299999999999999822e+00
7.349999999999999645e+00
7.400000000000000355e+00
7.450000000000000178e+00
7.500000000000000000e+00
7.549999999999999822e+00
7.599999999999999645e+00
7.650000000000000355e+00
7.700000000000000178e+00
7.750000000000000000e+00
7.800000000000000711e+00
7.849999999999998757e+00
7.900000000000000355e+00
7.950000000000000178e+00
8.000000000000000000e+00
8.050000000000000711e+00
8.100000000000001421e+00
8.150000000000000355e+00
8.199999999999997513e+00
8.250000000000000000e+00
8.300000000000000711e+00
8.349999999999999645e+00
8.400000000000000355e+00
8.449999999999999289e+00
8.500000000000000000e+00
8.550000000000000711e+00
8.599999999999999645e+00
8.650000000000000355e+00
8.699999999999999289e+00
8.750000000000000000e+00
8.800000000000000711e+00
8.849999999999999645e+00
8.900000000000000355e+00
8.949999999999999289e+00
9.000000000000000000e+00
9.050000000000000711e+00
9.099999999999999645e+00
9.150000000000000355e+00
9.199999999999997513e+00
9.250000000000000000e+00
9.300000000000000711e+00
9.350000000000001421e+00
9.400000000000000355e+00
9.449999999999997513e+00
9.500000000000000000e+00
9.550000000000000711e+00
9.599999999999999645e+00
9.650000000000000355e+00
9.699999999999999289e+00
9.750000000000000000e+00
9.800000000000000711e+00
9.849999999999999645e+00
9.900000000000000355e+00
9.949999999999999289e+00
1.000000000000000000e+01
1.005000000000000071e+01
1.009999999999999964e+01
1.015000000000000213e+01
1.019999999999999929e+01
1.025000000000000000e+01
1.030000000000000071e+01
1.034999999999999964e+01
1.040000000000000036e+01
1.044999999999999929e+01
1.050000000000000000e+01
1.055000000000000249e+01
1.060000000000000142e+01
1.064999999999999858e+01
1.069999999999999751e+01
1.075000000000000000e+01
1.080000000000000071e+01
1.084999999999999964e+01
1.090000000000000036e+01
1.094999999999999929e+01
1.100000000000000000e+01
1.105000000000000071e+01
1.110000000000000142e+01
1.115000000000000036e+01
1.119999999999999751e+01
1.125000000000000000e+01
1.130000000000000071e+01
1.134999999999999964e+01
1.140000000000000213e+01
1.144999999999999929e+01
1.149999999999999822e+01
1.155000000000000071e+01
1.159999999999999964e+01
1.165000000000000036e+01
1.169999999999999929e+01
1.175000000000000000e+01
1.180000000000000249e+01
1.185000000000000142e+01
1.189999999999999858e+01
1.194999999999999751e+01
1.200000000000000000e+01
1.205000000000000071e+01
1.209999999999999964e+01
1.215000000000000036e+01
1.219999999999999929e+01
1.225000000000000000e+01
1.230000000000000071e+01
1.235000000000000142e+01
1.240000000000000036e+01
1.244999999999999751e+01
1.250000000000000000e+01
1.255000000000000071e+01
1.259999999999999964e+01
1.265000000000000213e+01
1.269999999999999929e+01
1.274999999999999822e+01
1.280000000000000071e+01
1.284999999999999964e+01
1.290000000000000036e+01
1.294999999999999929e+01
1.300000000000000000e+01
1.305000000000000249e+01
1.310000000000000142e+01
1.314999999999999858e+01
1.319999999999999751e+01
1.325000000000000000e+01
1.330000000000000071e+01
1.334999999999999964e+01
1.340000000000000036e+01
1.344999999999999929e+01
1.350000000000000000e+01
1.355000000000000071e+01
1.360000000000000142e+01
1.365000000000000036e+01
1.369999999999999751e+01
1.375000000000000000e+01
1.380000000000000071e+01
1.384999999999999964e+01
1.390000000000000213e+01
1.394999999999999929e+01
1.399999999999999822e+01
1.405000000000000071e+01
1.409999999999999964e+01
1.415000000000000036e+01
1.419999999999999929e+01
1.425000000000000000e+01
1.430000000000000249e+01
1.435000000000000142e+01
1.439999999999999858e+01
1.444999999999999751e+01
1.450000000000000000e+01
1.455000000000000071e+01
1.459999999999999964e+01
1.465000000000000036e+01
1.469999999999999929e+01
1.475000000000000000e+01
1.480000000000000071e+01
1.485000000000000142e+01
1.490000000000000036e+01
1.494999999999999751e+01
1.500000000000000000e+01
1.505000000000000071e+01
1.509999999999999964e+01
1.515000000000000213e+01
1.519999999999999929e+01
1.524999999999999822e+01
1.530000000000000071e+01
1.535000000000000142e+01
1.540000000000000036e+01
1.544999999999999929e+01
1.550000000000000000e+01
1.555000000000000249e+01
1.560000000000000142e+01
1.564999999999999858e+01
1.569999999999999751e+01
1.575000000000000000e+01
1.580000000000000071e+01
1.584999999999999964e+01
1.590000000000000036e+01
1.594999999999999929e+01
1.600000000000000000e+01
1.605000000000000071e+01
1.610000000000000142e+01
1.614999999999999858e+01
1.620000000000000284e+01
1.625000000000000000e+01
1.630000000000000071e+01
1.635000000000000142e+01
1.639999999999999503e+01
1.644999999999999929e+01
1.650000000000000000e+01
1.655000000000000071e+01
1.660000000000000142e+01
1.664999999999999858e+01
1.669999999999999929e+01
1.675000000000000000e+01
1.680000000000000071e+01
1.685000000000000142e+01
1.689999999999999858e+01
1.694999999999999929e+01
1.700000000000000000e+01
1.705000000000000071e+01
1.710000000000000142e+01
1.714999999999999503e+01
1.719999999999999929e+01
1.725000000000000000e+01
1.730000000000000071e+01
1.735000000000000142e+01
1.739999999999999858e+01
1.745000000000000284e+01
1.750000000000000000e+01
1.755000000000000071e+01
1.760000000000000142e+01
1.764999999999999503e+01
1.769999999999999929e+01
1.775000000000000000e+01
1.780000000000000071e+01
1.785000000000000142e+01
1.789999999999999858e+01
1.794999999999999929e+01
1.800000000000000000e+01
1.805000000000000071e+01
1.810000000000000142e+01
1.814999999999999858e+01
1.819999999999999929e+01
1.825000000000000000e+01
1.830000000000000071e+01
1.835000000000000142e+01
1.839999999999999503e+01
1.844999999999999929e+01
1.850000000000000000e+01
1.855000000000000071e+01
1.860000000000000142e+01
1.864999999999999858e+01
1.870000000000000284e+01
1.875000000000000000e+01
1.880000000000000071e+01
1.885000000000000142e+01
1.889999999999999503e+01
1.894999999999999929e+01
1.900000000000000000e+01
1.905000000000000071e+01
1.910000000000000142e+01
1.914999999999999858e+01
1.919999999999999929e+01
1.925000000000000000e+01
1.930000000000000071e+01
1.935000000000000142e+01
1.939999999999999858e+01
1.944999999999999929e+01
1.950000000000000000e+01
1.955000000000000071e+01
1.960000000000000142e+01
1.964999999999999503e+01
1.969999999999999929e+01
1.975000000000000000e+01
1.980000000000000071e+01
1.985000000000000142e+01
1.989999999999999858e+01
1.995000000000000284e+01
2.000000000000000000e+01
2.002499999999999503e+01
2.007499999999999929e+01
2.012500000000000000e+01
2.017500000000000071e+01
2.022500000000000497e+01
2.027499999999999858e+01
2.032499999999999929e+01
2.037500000000000000e+01
2.042500000000000071e+01
2.047500000000000497e+01
2.052499999999999503e+01
2.057500000000000284e+01
2.062500000000000000e+01
2.067499999999999716e+01
2.072500000000000497e+01
2.077499999999999503e+01
2.082499999999999929e+01
2.087500000000000000e+01
2.092500000000000071e+01
2.097500000000000142e+01
2.102499999999999503e+01
2.107499999999999929e+01
2.112500000000000000e+01
2.117500000000000071e+01
2.122500000000000497e+01
2.127499999999999503e+01
2.132499999999999574e+01
2.137500000000000000e+01
2.142500000000000071e+01
2.147500000000000497e+01
2.152499999999999858e+01
2.157499999999999929e+01
2.162500000000000000e+01
2.167500000000000071e+01
2.172500000000000497e+01
2.177499999999999503e+01
2.182500000000000284e+01
2.187500000000000000e+01
2.192499999999999716e+01
2.197500000000000497e+01
2.202499999999999858e+01
2.207499999999999574e+01
2.212500000000000000e+01
2.217500000000000426e+01
2.222500000000000142e+01
2.227499999999999503e+01
2.232499999999999574e+01
2.237500000000000000e+01
2.242500000000000426e+01
2.247500000000000497e+01
2.252499999999999503e+01
2.257499999999999574e+01
2.262500000000000000e+01
2.267500000000000071e+01
2.272500000000000497e+01
2.277499999999999858e+01
2.282499999999999574e+01
2.287500000000000000e+01
2.292500000000000426e+01
2.297500000000000142e+01
2.302499999999999503e+01
2.307500000000000284e+01
2.312500000000000000e+01
2.317499999999999716e+01
2.322500000000000497e+01
2.327499999999999858e+01
2.332499999999999574e+01
2.337500000000000000e+01
2.342500000000000071e+01
2.347500000000000142e+01
2.352499999999999503e+01
2.357499999999999929e+01
2.362500000000000000e+01
2.367500000000000426e+01
2.372500000000000497e+01
2.377499999999999503e+01
2.382499999999999574e+01
2.387500000000000000e+01
2.392500000000000071e+01
2.397500000000000497e+01
2.402499999999999858e+01
2.407499999999999574e+01
2.412500000000000000e+01
2.417500000000000426e+01
2.422500000000000142e+01
2.427499999999999858e+01
2.432499999999999929e+01
2.437500000000000000e+01
2.442500000000000071e+01
2.447500000000000142e+01
2.452499999999999858e+01
2.457499999999999574e+01
2.462500000000000000e+01
2.467500000000000071e+01
2.472500000000000142e+01
2.477499999999999858e+01
2.482499999999999574e+01
2.487500000000000000e+01
2.492500000000000071e+01
2.497500000000000497e+01
2.502499999999999503e+01
2.507500000000000284e+01
2.512500000000000000e+01
2.517500000000000426e+01
2.522500000000000142e+01
2.527499999999999858e+01
2.532499999999999929e+01
2.537500000000000000e+01
2.542500000000000426e+01
2.547500000000000142e+01
2.552499999999999858e+01
2.557499999999999929e+01
2.562500000000000000e+01
2.567500000000000071e+01
2.572500000000000142e+01
2.577499999999999858e+01
2.582499999999999574e+01
2.587500000000000000e+01
2.592500000000000071e+01
2.597500000000000142e+01
2.602499999999999858e+01
2.607499999999999574e+01
2.612500000000000000e+01
2.617500000000000071e+01
2.622500000000000142e+01
2.627499999999999503e+01
2.632500000000000284e+01
2.637500000000000000e+01
2.642500000000000426e+01
2.647500000000000142e+01
2.652499999999999858e+01
2.657499999999999929e+01
2.662500000000000000e+01
2.667500000000000426e+01
2.672500000000000142e+01
2.677499999999999858e+01
2.682499999999999929e+01
2.687500000000000000e+01
2.692500000000000071e+01
2.697500000000000142e+01
2.702499999999999858e+01
2.707499999999999574e+01
2.712500000000000000e+01
2.717500000000000071e+01
2.722500000000000142e+01
2.727499999999999858e+01
2.732499999999999574e+01
2.737500000000000000e+01
2.742500000000000071e+01
2.747500000000000142e+01
2.752499999999999503e+01
2.757500000000000284e+01
2.762500000000000000e+01
2.767500000000000071e+01
2.772500000000000142e+01
2.777499999999999858e+01
2.782499999999999929e+01
2.787500000000000000e+01
2.792500000000000426e+01
2.797500000000000142e+01
2.802499999999999858e+01
2.807500000000000284e+01
2.812500000000000000e+01
2.817499999999999716e+01
2.822500000000000142e+01
2.827499999999999858e+01
2.832499999999999929e+01
2.837500000000000000e+01
2.842500000000000071e+01
2.847500000000000497e+01
2.852499999999999858e+01
2.857500000000000284e+01
2.862500000000000000e+01
2.867500000000000071e+01
2.872500000000000142e+01
2.877499999999999503e+01
2.882500000000000284e+01
2.887500000000000000e+01
2.892500000000000071e+01
2.897500000000000142e+01
2.902499999999999503e+01
2.907499999999999929e+01
2.912500000000000000e+01
2.917500000000000071e+01
2.922500000000000142e+01
2.927499999999999858e+01
2.932500000000000284e+01
2.937500000000000000e+01
2.942499999999999716e+01
2.947500000000000142e+01
2.952499999999999858e+01
2.957499999999999929e+01
2.962500000000000000e+01
2.967500000000000071e+01
2.972500000000000497e+01
2.977499999999999858e+01
2.982500000000000284e+01
2.987500000000000000e+01
2.992500000000000071e+01
2.997500000000000142e+01
3.002499999999999858e+01
3.007500000000000284e+01
3.012500000000000000e+01
3.017500000000000071e+01
3.022500000000000142e+01
3.027499999999999858e+01
3.032499999999999929e+01
3.037500000000000000e+01
3.042500000000000071e+01
3.047500000000000142e+01
3.052499999999999858e+01
3.057500000000000284e+01
3.062500000000000000e+01
3.067500000000000071e+01
3.072500000000000142e+01
3.077500000000000213e+01
3.082499999999999929e+01
3.087500000000000000e+01
3.092500000000000071e+01
3.097500000000000142e+01
3.102499999999999858e+01
3.107499999999999929e+01
3.112500000000000000e+01
3.117499999999999716e+01
3.122500000000000142e+01
3.127499999999999858e+01
3.132500000000000284e+01
3.137500000000000000e+01
3.142500000000000071e+01
3.147500000000000142e+01
3.152499999999999858e+01
3.157499999999999929e+01
3.162500000000000000e+01
3.167500000000000071e+01
3.172500000000000142e+01
3.177499999999999858e+01
3.182500000000000284e+01
3.187500000000000000e+01
3.192500000000000071e+01
3.197500000000000142e+01
3.202500000000000568e+01
3.207500000000000995e+01
3.212500000000000000e+01
3.217499999999999716e+01
3.222500000000000142e+01
3.227499999999999858e+01
3.232500000000000284e+01
3.237500000000000000e+01
3.242499999999999716e+01
3.247500000000000142e+01
3.252499999999999858e+01
3.257500000000000284e+01
3.262500000000000000e+01
3.267499999999999716e+01
3.272500000000000142e+01
3.277499999999999858e+01
3.282500000000000284e+01
3.287500000000000000e+01
3.292499999999999005e+01
3.297500000000000142e+01
3.302499999999999858e+01
3.307500000000000284e+01
3.312500000000000000e+01
3.317499999999999716e+01
3.322500000000000142e+01
3.327500000000000568e+01
3.332500000000000995e+01
3.337500000000000000e+01
3.342499999999999716e+01
3.347500000000000142e+01
3.352499999999999858e+01
3.357500000000000284e+01
3.362500000000000000e+01
3.367499999999999716e+01
3.372500000000000142e+01
3.377499999999999858e+01
3.382500000000000284e+01
3.387500000000000000e+01
3.392499999999999716e+01
3.397500000000000142e+01
3.402499999999999858e+01
3.407500000000000284e+01
3.412500000000000000e+01
3.417499999999999005e+01
3.422500000000000142e+01
3.427499999999999858e+01
3.432500000000000284e+01
3.437500000000000000e+01
3.442499999999999716e+01
3.447500000000000142e+01
3.452500000000000568e+01
3.457500000000000995e+01
3.462500000000000000e+01
3.467499999999999716e+01
3.472500000000000142e+01
3.477499999999999858e+01
3.482500000000000284e+01
3.487500000000000000e+01
3.492499999999999716e+01
3.497500000000000142e+01
3.502499999999999858e+01
3.507500000000000284e+01
3.512500000000000000e+01
3.517499999999999716e+01
3.522500000000000142e+01
3.527499999999999858e+01
3.532500000000000284e+01
3.537500000000000000e+01
3.542499999999999005e+01
3.547500000000000142e+01
3.552499999999999858e+01
3.557500000000000284e+01
3.562500000000000000e+01
3.567499999999999716e+01
3.572500000000000142e+01
3.577500000000000568e+01
3.582500000000000995e+01
3.587500000000000000e+01
3.592499999999999716e+01
3.597500000000000142e+01
3.602499999999999858e+01
3.607500000000000284e+01
3.612500000000000000e+01
3.617499999999999005e+01
3.622500000000000142e+01
3.627499999999999858e+01
3.632500000000000995e+01
3.637500000000000000e+01
3.642499999999999716e+01
3.647500000000000142e+01
3.652500000000000568e+01
3.657500000000000995e+01
3.662500000000000000e+01
3.667499999999999005e+01
3.672500000000000142e+01
3.677499999999999858e+01
3.682500000000000284e+01
3.687500000000000000e+01
3.692499999999999716e+01
3.697500000000000142e+01
3.702500000000000568e+01
3.707500000000000995e+01
3.712500000000000000e+01
3.717499999999999005e+01
3.722500000000000142e+01
3.727499999999999858e+01
3.732500000000000284e+01
3.737500000000000000e+01
3.742499999999999005e+01
3.747500000000000142e+01
3.752499999999999858e+01
3.757500000000000995e+01
3.762500000000000000e+01
3.767499999999999716e+01
3.772500000000000142e+01
3.777500000000000568e+01
3.782500000000000995e+01
3.787500000000000000e+01
3.792499999999999005e+01
3.797500000000000142e+01
3.802499999999999858e+01
3.807500000000000284e+01
3.812500000000000000e+01
3.817499999999999716e+01
3.822500000000000142e+01
3.827500000000000568e+01
3.832500000000000995e+01
3.837500000000000000e+01
3.842499999999999005e+01
3.847500000000000142e+01
3.852499999999999858e+01
3.857500000000000284e+01
3.862500000000000000e+01
3.867499999999999005e+01
3.872500000000000142e+01
3.877499999999999858e+01
3.882500000000000995e+01
3.887500000000000000e+01
3.892499999999999716e+01
3.897500000000000142e+01
3.902500000000000568e+01
3.907500000000000995e+01
3.912500000000000000e+01
3.917499999999999005e+01
3.922500000000000142e+01
3.927499999999999858e+01
3.932500000000000284e+01
3.937500000000000000e+01
3.942499999999999716e+01
3.947500000000000142e+01
3.952500000000000568e+01
3.957500000000000995e+01
3.962500000000000000e+01
3.967499999999999005e+01
3.972500000000000142e+01
3.977499999999999858e+01
3.982500000000000284e+01
3.987500000000000000e+01
3.992499999999999005e+01
3.997500000000000142e+01
