0.000000000000000000e+00
5.000000000000000278e-02
1.000000000000000056e-01
1.499999999999999944e-01
2.000000000000000111e-01
2.500000000000000000e-01
2.999999999999999889e-01
3.499999999999999223e-01
4.000000000000000222e-01
4.499999999999999556e-01
5.000000000000000000e-01
5.500000000000000444e-01
5.999999999999999778e-01
6.500000000000000222e-01
6.999999999999998446e-01
7.500000000000000000e-01
8.000000000000000444e-01
8.500000000000000888e-01
8.999999999999999112e-01
9.499999999999999556e-01
1.000000000000000000e+00
1.050000000000000044e+00
1.100000000000000089e+00
1.149999999999999689e+00
1.199999999999999956e+00
1.250000000000000000e+00
1.300000000000000044e+00
1.350000000000000089e+00
1.399999999999999689e+00
1.449999999999999956e+00
1.500000000000000000e+00
1.550000000000000044e+00
1.600000000000000089e+00
1.649999999999999689e+00
1.700000000000000178e+00
1.749999999999999778e+00
1.799999999999999822e+00
1.850000000000000089e+00
1.899999999999999911e+00
1.950000000000000178e+00
2.000000000000000000e+00
2.049999999999999378e+00
2.100000000000000089e+00
2.149999999999999911e+00
2.200000000000000178e+00
2.250000000000000000e+00
2.299999999999999378e+00
2.350000000000000089e+00
2.399999999999999911e+00
2.450000000000000178e+00
2.500000000000000000e+00
2.549999999999999822e+00
2.600000000000000089e+00
2.650000000000000355e+00
2.700000000000000178e+00
2.750000000000000000e+00
2.799999999999999378e+00
2.850000000000000533e+00
2.899999999999999911e+00
2.950000000000000622e+00
3.000000000000000000e+00
3.049999999999999822e+00
3.100000000000000089e+00
3.149999999999999911e+00
3.200000000000000178e+00
3.250000000000000000e+00
3.299999999999999378e+00
3.350000000000000089e+00
3.400000000000000355e+00
3.450000000000000178e+00
3.499999999999999556e+00
3.549999999999999822e+00
3.599999999999999645e+00
3.649999999999999911e+00
3.700000000000000178e+00
3.750000000000000000e+00
3.799999999999999822e+00
3.850000000000000089e+00
3.900000000000000355e+00
3.950000000000000178e+00
4.000000000000000000e+00
4.050000000000000711e+00
4.099999999999998757e+00
4.150000000000000355e+00
4.200000000000000178e+00
4.250000000000000000e+00
4.299999999999999822e+00
4.349999999999999645e+00
4.400000000000000355e+00
4.450000000000000178e+00
4.500000000000000000e+00
4.549999999999999822e+00
4.599999999999998757e+00
4.650000000000000355e+00
4.700000000000000178e+00
4.750000000000000000e+00
4.799999999999999822e+00
4.849999999999999645e+00
4.900000000000000355e+00
4.950000000000000178e+00
5.000000000000000000e+00
5.049999999999999822e+00
5.099999999999999645e+00
5.150000000000000355e+00
5.200000000000000178e+00
5.250000000000000000e+00
5.300000000000000711e+00
5.349999999999998757e+00
5.400000000000000355e+00
5.450000000000000178e+00
5.500000000000000000e+00
5.550000000000000711e+00
5.599999999999998757e+00
5.650000000000000355e+00
5.700000000000001066e+00
5.749999999999999112e+00
5.799999999999999822e+00
5.849999999999999645e+00
5.900000000000001243e+00
5.949999999999999289e+00
6.000000000000000000e+00
6.049999999999999822e+00
6.099999999999999645e+00
6.150000000000000355e+00
6.200000000000000178e+00
6.250000000000000000e+00
6.299999999999999822e+00
6.349999999999999645e+00
6.400000000000000355e+00
6.450000000000000178e+00
6.500000000000000000e+00
6.550000000000000711e+00
6.599999999999998757e+00
6.650000000000000355e+00
6.700000000000000178e+00
6.750000000000000000e+00
6.800000000000000711e+00
6.849999999999998757e+00
6.900000000000000355e+00
6.950000000000001066e+00
6.999999999999999112e+00
7.049999999999999822e+00
7.099999999999999645e+00
7.150000000000001243e+00
7.199999999999999289e+00
7.250000000000000000e+00
7.299999999999999822e+00
7.349999999999999645e+00
7.400000000000000355e+00
7.450000000000000178e+00
7.500000000000000000e+00
7.549999999999999822e+00
7.599999999999999645e+00
7.650000000000000355e+00
7.700000000000000178e+00
7.750000000000000000e+00
7.800000000000000711e+00
7.849999999999998757e+00
7.900000000000000355e+00
7.950000000000000178e+00
8.000000000000000000e+00
8.050000000000000711e+00
8.100000000000001421e+00
8.150000000000000355e+00
8.199999999999997513e+00
8.250000000000000000e+00
8.300000000000000711e+00
8.349999999999999645e+00
8.400000000000000355e+00
8.449999999999999289e+00
8.500000000000000000e+00
8.550000000000000711e+00
8.599999999999999645e+00
8.650000000000000355e+00
8.699999999999999289e+00
8.750000000000000000e+00
8.800000000000000711e+00
8.849999999999999645e+00
8.900000000000000355e+00
8.949999999999999289e+00
9.000000000000000000e+00
9.050000000000000711e+00
9.099999999999999645e+00
9.150000000000000355e+00
9.199999999999997513e+00
9.250000000000000000e+00
9.300000000000000711e+00
9.350000000000001421e+00
9.400000000000000355e+00
9.449999999999997513e+00
9.500000000000000000e+00
9.550000000000000711e+00
9.599999999999999645e+00
9.650000000000000355e+00
9.699999999999999289e+00
9.750000000000000000e+00
9.800000000000000711e+00
9.849999999999999645e+00
9.900000000000000355e+00
9.949999999999999289e+00
1.000000000000000000e+01
1.005000000000000071e+01
1.009999999999999964e+01
1.015000000000000213e+01
1.019999999999999929e+01
1.025000000000000000e+01
1.030000000000000071e+01
1.034999999999999964e+01
1.040000000000000036e+01
1.044999999999999929e+01
1.050000000000000000e+01
1.055000000000000249e+01
1.060000000000000142e+01
1.064999999999999858e+01
1.069999999999999751e+01
1.075000000000000000e+01
1.080000000000000071e+01
1.084999999999999964e+01
1.090000000000000036e+01
1.094999999999999929e+01
1.100000000000000000e+01
1.105000000000000071e+01
1.110000000000000142e+01
1.115000000000000036e+01
1.119999999999999751e+01
1.125000000000000000e+01
1.130000000000000071e+01
1.134999999999999964e+01
1.140000000000000213e+01
1.144999999999999929e+01
1.149999999999999822e+01
1.155000000000000071e+01
1.159999999999999964e+01
1.165000000000000036e+01
1.169999999999999929e+01
1.175000000000000000e+01
1.180000000000000249e+01
1.185000000000000142e+01
1.189999999999999858e+01
1.194999999999999751e+01
1.200000000000000000e+01
1.205000000000000071e+01
1.209999999999999964e+01
1.215000000000000036e+01
1.219999999999999929e+01
1.225000000000000000e+01
1.230000000000000071e+01
1.235000000000000142e+01
1.240000000000000036e+01
1.244999999999999751e+01
1.250000000000000000e+01
1.255000000000000071e+01
1.259999999999999964e+01
1.265000000000000213e+01
1.269999999999999929e+01
1.274999999999999822e+01
1.280000000000000071e+01
1.284999999999999964e+01
1.290000000000000036e+01
1.294999999999999929e+01
1.300000000000000000e+01
1.305000000000000249e+01
1.310000000000000142e+01
1.314999999999999858e+01
1.319999999999999751e+01
1.325000000000000000e+01
1.330000000000000071e+01
1.334999999999999964e+01
1.340000000000000036e+01
1.344999999999999929e+01
1.350000000000000000e+01
1.355000000000000071e+01
1.360000000000000142e+01
1.365000000000000036e+01
1.369999999999999751e+01
1.375000000000000000e+01
1.380000000000000071e+01
1.384999999999999964e+01
1.390000000000000213e+01
1.394999999999999929e+01
1.399999999999999822e+01
1.405000000000000071e+01
1.409999999999999964e+01
1.415000000000000036e+01
1.419999999999999929e+01
1.425000000000000000e+01
1.430000000000000249e+01
1.435000000000000142e+01
1.439999999999999858e+01
1.444999999999999751e+01
1.450000000000000000e+01
1.455000000000000071e+01
1.459999999999999964e+01
1.465000000000000036e+01
1.469999999999999929e+01
1.475000000000000000e+01
1.480000000000000071e+01
1.485000000000000142e+01
1.490000000000000036e+01
1.494999999999999751e+01
1.500000000000000000e+01
1.505000000000000071e+01
1.509999999999999964e+01
1.515000000000000213e+01
1.519999999999999929e+01
1.524999999999999822e+01
1.530000000000000071e+01
1.535000000000000142e+01
1.540000000000000036e+01
1.544999999999999929e+01
1.550000000000000000e+01
1.555000000000000249e+01
1.560000000000000142e+01
1.564999999999999858e+01
1.569999999999999751e+01
1.575000000000000000e+01
1.580000000000000071e+01
1.584999999999999964e+01
1.590000000000000036e+01
1.594999999999999929e+01
1.600000000000000000e+01
1.605000000000000071e+01
1.610000000000000142e+01
1.614999999999999858e+01
1.620000000000000284e+01
1.625000000000000000e+01
1.630000000000000071e+01
1.635000000000000142e+01
1.639999999999999503e+01
1.644999999999999929e+01
1.650000000000000000e+01
1.655000000000000071e+01
1.660000000000000142e+01
1.664999999999999858e+01
1.669999999999999929e+01
1.675000000000000000e+01
1.680000000000000071e+01
1.685000000000000142e+01
1.689999999999999858e+01
1.694999999999999929e+01
1.700000000000000000e+01
1.705000000000000071e+01
1.710000000000000142e+01
1.714999999999999503e+01
1.719999999999999929e+01
1.725000000000000000e+01
1.730000000000000071e+01
1.735000000000000142e+01
1.739999999999999858e+01
1.745000000000000284e+01
1.750000000000000000e+01
1.755000000000000071e+01
1.760000000000000142e+01
1.764999999999999503e+01
1.769999999999999929e+01
1.775000000000000000e+01
1.780000000000000071e+01
1.785000000000000142e+01
1.789999999999999858e+01
1.794999999999999929e+01
1.800000000000000000e+01
1.805000000000000071e+01
1.810000000000000142e+01
1.814999999999999858e+01
1.819999999999999929e+01
1.825000000000000000e+01
1.830000000000000071e+01
1.835000000000000142e+01
1.839999999999999503e+01
1.844999999999999929e+01
1.850000000000000000e+01
1.855000000000000071e+01
1.860000000000000142e+01
1.864999999999999858e+01
1.870000000000000284e+01
1.875000000000000000e+01
1.880000000000000071e+01
1.885000000000000142e+01
1.889999999999999503e+01
1.894999999999999929e+01
1.900000000000000000e+01
1.905000000000000071e+01
1.910000000000000142e+01
1.914999999999999858e+01
1.919999999999999929e+01
1.925000000000000000e+01
1.930000000000000071e+01
1.935000000000000142e+01
1.939999999999999858e+01
1.944999999999999929e+01
1.950000000000000000e+01
1.955000000000000071e+01
1.960000000000000142e+01
1.964999999999999503e+01
1.969999999999999929e+01
1.975000000000000000e+01
1.980000000000000071e+01
1.985000000000000142e+01
1.989999999999999858e+01
1.995000000000000284e+01
2.000000000000000000e+01
2.004999999999999716e+01
2.010000000000000142e+01
2.014999999999999503e+01
2.019999999999999929e+01
2.025000000000000000e+01
2.030000000000000426e+01
2.035000000000000142e+01
2.039999999999999858e+01
2.044999999999999929e+01
2.050000000000000000e+01
2.055000000000000071e+01
2.060000000000000142e+01
2.064999999999999858e+01
2.069999999999999929e+01
2.075000000000000000e+01
2.080000000000000071e+01
2.085000000000000142e+01
2.089999999999999858e+01
2.095000000000000284e+01
2.100000000000000000e+01
2.105000000000000071e+01
2.110000000000000497e+01
2.114999999999999503e+01
2.120000000000000284e+01
2.125000000000000000e+01
2.129999999999999716e+01
2.135000000000000142e+01
2.139999999999999503e+01
2.144999999999999929e+01
2.150000000000000000e+01
2.155000000000000426e+01
2.160000000000000142e+01
2.164999999999999858e+01
2.169999999999999929e+01
2.174999999999999645e+01
2.180000000000000071e+01
2.185000000000000142e+01
2.189999999999999858e+01
2.194999999999999929e+01
2.200000000000000000e+01
2.205000000000000071e+01
2.210000000000000142e+01
2.214999999999999858e+01
2.220000000000000284e+01
2.225000000000000000e+01
2.230000000000000071e+01
2.235000000000000497e+01
2.239999999999999503e+01
2.245000000000000284e+01
2.250000000000000000e+01
2.254999999999999716e+01
2.260000000000000142e+01
2.264999999999999503e+01
2.269999999999999929e+01
2.275000000000000000e+01
2.280000000000000426e+01
2.285000000000000142e+01
2.289999999999999858e+01
2.294999999999999929e+01
2.299999999999999645e+01
2.305000000000000071e+01
2.310000000000000142e+01
2.314999999999999858e+01
2.319999999999999929e+01
2.325000000000000000e+01
2.330000000000000071e+01
2.335000000000000142e+01
2.339999999999999858e+01
2.345000000000000284e+01
2.350000000000000000e+01
2.355000000000000071e+01
2.360000000000000497e+01
2.364999999999999503e+01
2.370000000000000284e+01
2.375000000000000000e+01
2.379999999999999716e+01
2.385000000000000142e+01
2.389999999999999503e+01
2.394999999999999929e+01
2.400000000000000000e+01
2.405000000000000426e+01
2.410000000000000142e+01
2.414999999999999858e+01
2.419999999999999929e+01
2.424999999999999645e+01
2.430000000000000071e+01
2.435000000000000142e+01
2.439999999999999858e+01
2.444999999999999929e+01
2.450000000000000000e+01
2.455000000000000071e+01
2.460000000000000142e+01
2.464999999999999858e+01
2.470000000000000284e+01
2.475000000000000000e+01
2.480000000000000071e+01
2.485000000000000497e+01
2.489999999999999503e+01
2.495000000000000284e+01
2.500000000000000000e+01
2.504999999999999716e+01
2.510000000000000142e+01
2.514999999999999503e+01
2.519999999999999929e+01
2.525000000000000000e+01
2.530000000000000426e+01
2.535000000000000142e+01
2.539999999999999858e+01
2.544999999999999929e+01
2.549999999999999645e+01
2.555000000000000071e+01
2.560000000000000142e+01
2.564999999999999858e+01
2.569999999999999929e+01
2.575000000000000000e+01
2.580000000000000071e+01
2.585000000000000142e+01
2.589999999999999858e+01
2.595000000000000284e+01
2.600000000000000000e+01
2.605000000000000071e+01
2.610000000000000497e+01
2.614999999999999503e+01
2.620000000000000284e+01
2.625000000000000000e+01
2.629999999999999716e+01
2.635000000000000142e+01
2.639999999999999503e+01
2.644999999999999929e+01
2.650000000000000000e+01
2.655000000000000426e+01
2.660000000000000142e+01
2.664999999999999858e+01
2.669999999999999929e+01
2.674999999999999645e+01
2.680000000000000071e+01
2.685000000000000142e+01
2.689999999999999858e+01
2.694999999999999929e+01
2.700000000000000000e+01
2.705000000000000071e+01
2.710000000000000142e+01
2.714999999999999858e+01
2.720000000000000284e+01
2.725000000000000000e+01
2.730000000000000071e+01
2.735000000000000497e+01
2.739999999999999503e+01
2.745000000000000284e+01
2.750000000000000000e+01
2.754999999999999716e+01
2.760000000000000142e+01
2.764999999999999503e+01
2.769999999999999929e+01
2.775000000000000000e+01
2.780000000000000426e+01
2.785000000000000142e+01
2.789999999999999858e+01
2.794999999999999929e+01
2.799999999999999645e+01
2.805000000000000071e+01
2.810000000000000142e+01
2.814999999999999858e+01
2.819999999999999929e+01
2.825000000000000000e+01
2.830000000000000071e+01
2.835000000000000142e+01
2.839999999999999858e+01
2.845000000000000284e+01
2.850000000000000000e+01
2.855000000000000071e+01
2.860000000000000497e+01
2.864999999999999503e+01
2.870000000000000284e+01
2.875000000000000000e+01
2.879999999999999716e+01
2.885000000000000142e+01
2.889999999999999503e+01
2.894999999999999929e+01
2.900000000000000000e+01
2.905000000000000426e+01
2.910000000000000142e+01
2.914999999999999858e+01
2.919999999999999929e+01
2.924999999999999645e+01
2.930000000000000071e+01
2.935000000000000142e+01
2.939999999999999858e+01
2.944999999999999929e+01
2.950000000000000000e+01
2.955000000000000071e+01
2.960000000000000142e+01
2.964999999999999858e+01
2.970000000000000284e+01
2.975000000000000000e+01
2.980000000000000071e+01
2.985000000000000497e+01
2.989999999999999503e+01
2.995000000000000284e+01
3.000000000000000000e+01
3.004999999999999716e+01
3.010000000000000142e+01
3.014999999999999503e+01
3.019999999999999929e+01
3.025000000000000000e+01
3.030000000000000426e+01
3.035000000000000142e+01
3.039999999999999858e+01
3.044999999999999929e+01
3.049999999999999645e+01
3.055000000000000071e+01
3.060000000000000142e+01
3.064999999999999858e+01
3.070000000000000284e+01
3.075000000000000000e+01
3.080000000000000071e+01
3.085000000000000142e+01
3.089999999999999858e+01
3.095000000000000284e+01
3.100000000000000000e+01
3.105000000000000071e+01
3.110000000000000497e+01
3.114999999999999503e+01
3.120000000000000284e+01
3.125000000000000000e+01
3.129999999999999716e+01
3.135000000000000142e+01
3.139999999999999503e+01
3.144999999999999929e+01
3.150000000000000000e+01
3.155000000000000426e+01
3.160000000000000142e+01
3.164999999999999858e+01
3.169999999999999929e+01
3.174999999999999645e+01
3.180000000000000071e+01
3.185000000000000142e+01
3.189999999999999858e+01
3.195000000000000284e+01
3.200000000000000000e+01
3.204999999999999716e+01
3.210000000000000142e+01
3.214999999999999858e+01
3.220000000000000284e+01
3.225000000000000000e+01
3.229999999999999716e+01
3.235000000000000142e+01
3.240000000000000568e+01
3.245000000000000284e+01
3.250000000000000000e+01
3.254999999999999716e+01
3.260000000000000142e+01
3.264999999999999858e+01
3.270000000000000284e+01
3.275000000000000000e+01
3.279999999999999005e+01
3.285000000000000142e+01
3.289999999999999858e+01
3.295000000000000284e+01
3.300000000000000000e+01
3.304999999999999005e+01
3.310000000000000142e+01
3.314999999999999858e+01
3.320000000000000284e+01
3.325000000000000000e+01
3.329999999999999716e+01
3.335000000000000142e+01
3.339999999999999858e+01
3.345000000000000284e+01
3.350000000000000000e+01
3.354999999999999716e+01
3.360000000000000142e+01
3.365000000000000568e+01
3.370000000000000284e+01
3.375000000000000000e+01
3.379999999999999716e+01
3.385000000000000142e+01
3.389999999999999858e+01
3.395000000000000284e+01
3.400000000000000000e+01
3.404999999999999005e+01
3.410000000000000142e+01
3.414999999999999858e+01
3.420000000000000284e+01
3.425000000000000000e+01
3.429999999999999005e+01
3.435000000000000142e+01
3.439999999999999858e+01
3.445000000000000284e+01
3.450000000000000000e+01
3.454999999999999716e+01
3.460000000000000142e+01
3.464999999999999858e+01
3.470000000000000284e+01
3.475000000000000000e+01
3.479999999999999716e+01
3.485000000000000142e+01
3.490000000000000568e+01
3.495000000000000284e+01
3.500000000000000000e+01
3.504999999999999716e+01
3.510000000000000142e+01
3.514999999999999858e+01
3.520000000000000284e+01
3.525000000000000000e+01
3.529999999999999005e+01
3.535000000000000142e+01
3.539999999999999858e+01
3.545000000000000284e+01
3.550000000000000000e+01
3.554999999999999005e+01
3.560000000000000142e+01
3.564999999999999858e+01
3.570000000000000284e+01
3.575000000000000000e+01
3.579999999999999716e+01
3.585000000000000142e+01
3.589999999999999858e+01
3.595000000000000284e+01
3.600000000000000000e+01
3.604999999999999716e+01
3.610000000000000142e+01
3.615000000000000568e+01
3.620000000000000284e+01
3.625000000000000000e+01
3.629999999999999716e+01
3.635000000000000142e+01
3.639999999999999858e+01
3.645000000000000284e+01
3.650000000000000000e+01
3.654999999999999005e+01
3.660000000000000142e+01
3.664999999999999858e+01
3.670000000000000284e+01
3.675000000000000000e+01
3.679999999999999005e+01
3.685000000000000142e+01
3.689999999999999858e+01
3.695000000000000284e+01
3.700000000000000000e+01
3.704999999999999716e+01
3.710000000000000142e+01
3.714999999999999858e+01
3.720000000000000284e+01
3.725000000000000000e+01
3.729999999999999716e+01
3.735000000000000142e+01
3.740000000000000568e+01
3.745000000000000284e+01
3.750000000000000000e+01
3.754999999999999716e+01
3.760000000000000142e+01
3.764999999999999858e+01
3.770000000000000284e+01
3.775000000000000000e+01
3.779999999999999005e+01
3.785000000000000142e+01
3.789999999999999858e+01
3.795000000000000284e+01
3.800000000000000000e+01
3.804999999999999005e+01
3.810000000000000142e+01
3.814999999999999858e+01
3.820000000000000284e+01
3.825000000000000000e+01
3.829999999999999716e+01
3.835000000000000142e+01
3.839999999999999858e+01
3.845000000000000284e+01
3.850000000000000000e+01
3.854999999999999716e+01
3.860000000000000142e+01
3.865000000000000568e+01
3.870000000000000284e+01
3.875000000000000000e+01
3.879999999999999716e+01
3.885000000000000142e+01
3.889999999999999858e+01
3.895000000000000284e+01
3.900000000000000000e+01
3.904999999999999005e+01
3.910000000000000142e+01
3.914999999999999858e+01
3.920000000000000284e+01
3.925000000000000000e+01
3.929999999999999005e+01
3.935000000000000142e+01
3.939999999999999858e+01
3.945000000000000284e+01
3.950000000000000000e+01
3.954999999999999716e+01
3.960000000000000142e+01
3.965000000000000568e+01
3.970000000000000284e+01
3.975000000000000000e+01
3.979999999999999716e+01
3.985000000000000142e+01
3.990000000000000568e+01
3.995000000000000284e+01
4.000000000000000000e+01
4.004999999999999716e+01
4.009999999999999432e+01
4.014999999999999858e+01
4.020000000000000284e+01
4.025000000000000000e+01
4.029999999999999005e+01
4.035000000000000142e+01
4.039999999999999858e+01
4.045000000000000284e+01
4.050000000000000000e+01
4.054999999999999716e+01
4.060000000000000853e+01
4.065000000000000568e+01
4.070000000000000284e+01
4.075000000000000000e+01
4.079999999999999716e+01
4.085000000000000142e+01
4.089999999999999858e+01
4.095000000000000995e+01
4.100000000000000000e+01
4.104999999999999005e+01
4.110000000000000142e+01
4.115000000000000568e+01
4.120000000000000284e+01
4.125000000000000000e+01
4.129999999999999716e+01
4.134999999999999432e+01
4.139999999999999858e+01
4.145000000000000284e+01
4.150000000000000000e+01
4.154999999999999005e+01
4.160000000000000142e+01
4.164999999999999858e+01
4.170000000000000284e+01
4.175000000000000000e+01
4.179999999999999716e+01
4.185000000000000853e+01
4.190000000000000568e+01
4.195000000000000284e+01
4.200000000000000000e+01
4.204999999999999716e+01
4.210000000000000142e+01
4.214999999999999858e+01
4.220000000000000995e+01
4.225000000000000000e+01
4.229999999999999005e+01
4.235000000000000142e+01
4.240000000000000568e+01
4.245000000000000284e+01
4.250000000000000000e+01
4.254999999999999716e+01
4.259999999999999432e+01
4.264999999999999858e+01
4.270000000000000284e+01
4.275000000000000000e+01
4.279999999999999005e+01
4.285000000000000142e+01
4.289999999999999858e+01
4.295000000000000284e+01
4.300000000000000000e+01
4.304999999999999716e+01
4.310000000000000853e+01
4.315000000000000568e+01
4.320000000000000284e+01
4.325000000000000000e+01
4.329999999999999716e+01
4.335000000000000142e+01
4.339999999999999858e+01
4.345000000000000995e+01
4.349999999999999289e+01
4.354999999999999005e+01
4.360000000000000142e+01
4.365000000000000568e+01
4.370000000000000284e+01
4.375000000000000000e+01
4.379999999999999716e+01
4.384999999999999432e+01
4.389999999999999858e+01
4.395000000000000284e+01
4.400000000000000000e+01
4.404999999999999005e+01
4.410000000000000142e+01
4.414999999999999858e+01
4.420000000000000284e+01
4.425000000000000000e+01
4.429999999999999716e+01
4.435000000000000853e+01
4.440000000000000568e+01
4.445000000000000284e+01
4.450000000000000000e+01
4.454999999999999716e+01
4.460000000000000142e+01
4.464999999999999858e+01
4.470000000000000995e+01
4.474999999999999289e+01
4.479999999999999005e+01
4.485000000000000142e+01
4.490000000000000568e+01
4.495000000000000284e+01
4.500000000000000000e+01
4.504999999999999716e+01
4.509999999999999432e+01
4.514999999999999858e+01
4.520000000000000284e+01
4.525000000000000000e+01
4.529999999999999005e+01
4.535000000000000142e+01
4.539999999999999858e+01
4.545000000000000284e+01
4.550000000000000000e+01
4.554999999999999716e+01
4.560000000000000853e+01
4.565000000000000568e+01
4.570000000000000284e+01
4.575000000000000000e+01
4.579999999999999716e+01
4.585000000000000142e+01
4.589999999999999858e+01
4.595000000000000995e+01
4.599999999999999289e+01
4.604999999999999005e+01
4.610000000000000142e+01
4.615000000000000568e+01
4.620000000000000284e+01
4.625000000000000000e+01
4.629999999999999716e+01
4.634999999999999432e+01
4.639999999999999858e+01
4.645000000000000284e+01
4.650000000000000000e+01
4.654999999999999005e+01
4.660000000000000142e+01
4.664999999999999858e+01
4.670000000000000284e+01
4.675000000000000000e+01
4.679999999999999716e+01
4.685000000000000853e+01
4.690000000000000568e+01
4.695000000000000284e+01
4.700000000000000000e+01
4.704999999999999716e+01
4.710000000000000142e+01
4.714999999999999858e+01
4.720000000000000995e+01
4.724999999999999289e+01
4.729999999999999005e+01
4.735000000000000142e+01
4.740000000000000568e+01
4.745000000000000284e+01
4.750000000000000000e+01
4.754999999999999716e+01
4.759999999999999432e+01
4.764999999999999858e+01
4.770000000000000284e+01
4.775000000000000000e+01
4.779999999999999005e+01
4.785000000000000142e+01
4.789999999999999858e+01
4.795000000000000284e+01
4.800000000000000000e+01
4.804999999999999716e+01
4.810000000000000853e+01
4.815000000000000568e+01
4.820000000000000284e+01
4.825000000000000000e+01
4.829999999999999716e+01
4.835000000000000142e+01
4.839999999999999858e+01
4.845000000000000995e+01
4.849999999999999289e+01
4.854999999999999005e+01
4.860000000000000142e+01
4.865000000000000568e+01
4.870000000000000284e+01
4.875000000000000000e+01
4.879999999999999716e+01
4.884999999999999432e+01
4.889999999999999858e+01
4.895000000000000284e+01
4.900000000000000000e+01
4.904999999999999005e+01
4.910000000000000142e+01
4.914999999999999858e+01
4.920000000000000284e+01
4.925000000000000000e+01
4.929999999999999716e+01
4.935000000000000853e+01
4.940000000000000568e+01
4.945000000000000284e+01
4.950000000000000000e+01
4.954999999999999716e+01
4.960000000000000142e+01
4.964999999999999858e+01
4.970000000000000995e+01
4.974999999999999289e+01
4.979999999999999005e+01
4.985000000000000142e+01
4.990000000000000568e+01
4.995000000000000284e+01
5.000000000000000000e+01
5.004999999999999716e+01
5.009999999999999432e+01
5.014999999999999858e+01
5.020000000000000284e+01
5.025000000000000000e+01
5.029999999999999005e+01
5.035000000000000142e+01
5.039999999999999858e+01
5.045000000000000284e+01
5.050000000000000000e+01
5.054999999999999716e+01
5.060000000000000853e+01
5.065000000000000568e+01
5.070000000000000284e+01
5.075000000000000000e+01
5.079999999999999716e+01
5.085000000000000142e+01
5.089999999999999858e+01
5.095000000000000995e+01
5.099999999999999289e+01
5.104999999999999005e+01
5.110000000000000142e+01
5.115000000000000568e+01
5.120000000000000284e+01
5.125000000000000000e+01
5.129999999999999716e+01
5.134999999999999432e+01
5.139999999999999858e+01
5.145000000000000284e+01
5.150000000000000000e+01
5.154999999999999005e+01
5.160000000000000142e+01
5.164999999999999858e+01
5.170000000000000284e+01
5.175000000000000000e+01
5.179999999999999716e+01
5.185000000000000853e+01
5.190000000000000568e+01
5.195000000000000284e+01
5.200000000000000000e+01
5.204999999999999716e+01
5.210000000000000142e+01
5.214999999999999858e+01
5.220000000000000995e+01
5.224999999999999289e+01
5.229999999999999005e+01
5.235000000000000142e+01
5.240000000000000568e+01
5.245000000000000284e+01
5.250000000000000000e+01
5.254999999999999716e+01
5.259999999999999432e+01
5.264999999999999858e+01
5.270000000000000284e+01
5.275000000000000000e+01
5.279999999999999005e+01
5.285000000000000142e+01
5.289999999999999858e+01
5.295000000000000284e+01
5.300000000000000000e+01
5.304999999999999716e+01
5.310000000000000853e+01
5.315000000000000568e+01
5.320000000000000284e+01
5.325000000000000000e+01
5.329999999999999716e+01
5.335000000000000142e+01
5.339999999999999858e+01
5.345000000000000995e+01
5.349999999999999289e+01
5.354999999999999005e+01
5.360000000000000142e+01
5.365000000000000568e+01
5.370000000000000284e+01
5.375000000000000000e+01
5.379999999999999716e+01
5.384999999999999432e+01
5.389999999999999858e+01
5.395000000000000284e+01
5.400000000000000000e+01
5.404999999999999005e+01
5.410000000000000142e+01
5.414999999999999858e+01
5.420000000000000284e+01
5.425000000000000000e+01
5.429999999999999716e+01
5.435000000000000853e+01
5.440000000000000568e+01
5.445000000000000284e+01
5.450000000000000000e+01
5.454999999999999716e+01
5.460000000000000142e+01
5.464999999999999858e+01
5.470000000000000995e+01
5.474999999999999289e+01
5.479999999999999005e+01
5.485000000000000142e+01
5.490000000000000568e+01
5.495000000000000284e+01
5.500000000000000000e+01
5.504999999999999716e+01
5.509999999999999432e+01
5.514999999999999858e+01
5.520000000000000284e+01
5.525000000000000000e+01
5.529999999999999005e+01
5.535000000000000142e+01
5.539999999999999858e+01
5.545000000000000284e+01
5.550000000000000000e+01
5.554999999999999716e+01
5.560000000000000853e+01
5.565000000000000568e+01
5.570000000000000284e+01
5.575000000000000000e+01
5.579999999999999716e+01
5.585000000000000142e+01
5.589999999999999858e+01
5.595000000000000995e+01
5.599999999999999289e+01
5.604999999999999005e+01
5.610000000000000142e+01
5.615000000000000568e+01
5.620000000000000284e+01
5.625000000000000000e+01
5.629999999999999716e+01
5.634999999999999432e+01
5.639999999999999858e+01
5.645000000000000284e+01
5.650000000000000000e+01
5.654999999999999005e+01
5.660000000000000142e+01
5.664999999999999858e+01
5.670000000000000284e+01
5.675000000000000000e+01
5.679999999999999716e+01
5.685000000000000853e+01
5.690000000000000568e+01
5.695000000000000284e+01
5.700000000000000000e+01
5.704999999999999716e+01
5.710000000000000142e+01
5.714999999999999858e+01
5.720000000000000995e+01
5.724999999999999289e+01
5.729999999999999005e+01
5.735000000000000142e+01
5.740000000000000568e+01
5.745000000000000284e+01
5.750000000000000000e+01
5.754999999999999716e+01
5.759999999999999432e+01
5.764999999999999858e+01
5.770000000000000284e+01
5.775000000000000000e+01
5.779999999999999005e+01
5.785000000000000142e+01
5.789999999999999858e+01
5.795000000000000284e+01
5.800000000000000000e+01
5.804999999999999716e+01
5.810000000000000853e+01
5.815000000000000568e+01
5.820000000000000284e+01
5.825000000000000000e+01
5.829999999999999716e+01
5.835000000000000142e+01
5.839999999999999858e+01
5.845000000000000995e+01
5.849999999999999289e+01
5.854999999999999005e+01
5.860000000000000142e+01
5.865000000000000568e+01
5.870000000000000284e+01
5.875000000000000000e+01
5.879999999999999716e+01
5.884999999999999432e+01
5.889999999999999858e+01
5.895000000000000284e+01
5.900000000000000000e+01
5.904999999999999005e+01
5.910000000000000142e+01
5.914999999999999858e+01
5.920000000000000284e+01
5.925000000000000000e+01
5.929999999999999716e+01
5.935000000000000853e+01
5.940000000000000568e+01
5.945000000000000284e+01
5.950000000000000000e+01
5.954999999999999716e+01
5.960000000000000142e+01
5.964999999999999858e+01
5.970000000000000995e+01
5.974999999999999289e+01
5.979999999999999005e+01
5.985000000000000142e+01
5.990000000000000568e+01
5.995000000000000284e+01
6.000000000000000000e+01
6.004999999999999716e+01
6.009999999999999432e+01
6.015000000000000568e+01
6.020000000000000284e+01
6.025000000000000000e+01
6.029999999999999005e+01
6.035000000000000142e+01
6.039999999999999858e+01
6.045000000000000284e+01
6.050000000000000000e+01
6.054999999999999716e+01
6.060000000000000853e+01
6.065000000000000568e+01
6.070000000000000284e+01
6.075000000000000000e+01
6.079999999999999716e+01
6.085000000000000142e+01
6.089999999999999858e+01
6.095000000000000995e+01
6.099999999999999289e+01
6.104999999999999005e+01
6.110000000000000142e+01
6.115000000000000568e+01
6.120000000000000284e+01
6.125000000000000000e+01
6.129999999999999716e+01
6.134999999999999432e+01
6.140000000000000568e+01
6.145000000000000284e+01
6.150000000000000000e+01
6.154999999999999005e+01
6.160000000000000142e+01
6.164999999999999858e+01
6.170000000000000284e+01
6.175000000000000000e+01
6.179999999999999716e+01
6.185000000000000853e+01
6.190000000000000568e+01
6.195000000000000284e+01
6.200000000000000000e+01
6.204999999999999716e+01
6.210000000000000142e+01
6.214999999999999858e+01
6.220000000000000995e+01
6.224999999999999289e+01
6.229999999999999005e+01
6.235000000000000142e+01
6.240000000000000568e+01
6.245000000000000284e+01
6.250000000000000000e+01
6.254999999999999716e+01
6.259999999999999432e+01
6.265000000000000568e+01
6.270000000000000284e+01
6.275000000000000000e+01
6.279999999999999005e+01
6.285000000000000142e+01
6.289999999999999858e+01
6.295000000000000284e+01
6.300000000000000000e+01
6.304999999999999716e+01
6.310000000000000853e+01
6.315000000000000568e+01
6.320000000000000284e+01
6.325000000000000000e+01
6.329999999999999716e+01
6.335000000000000142e+01
6.339999999999999858e+01
6.345000000000000995e+01
6.349999999999999289e+01
6.354999999999999005e+01
6.360000000000000142e+01
6.365000000000000568e+01
6.370000000000000284e+01
6.375000000000000000e+01
6.379999999999999716e+01
6.384999999999999432e+01
6.390000000000000568e+01
6.395000000000000284e+01
6.400000000000000000e+01
6.404999999999999716e+01
6.409999999999999432e+01
6.415000000000000568e+01
6.420000000000000284e+01
6.425000000000000000e+01
6.429999999999999716e+01
6.434999999999998010e+01
6.440000000000000568e+01
6.445000000000000284e+01
6.450000000000000000e+01
6.454999999999999716e+01
6.459999999999999432e+01
6.465000000000000568e+01
6.470000000000000284e+01
6.475000000000000000e+01
6.480000000000001137e+01
6.484999999999998010e+01
6.490000000000000568e+01
6.495000000000000284e+01
6.500000000000000000e+01
6.504999999999999716e+01
6.509999999999999432e+01
6.515000000000000568e+01
6.520000000000000284e+01
6.525000000000000000e+01
6.529999999999999716e+01
6.534999999999999432e+01
6.540000000000000568e+01
6.545000000000000284e+01
6.550000000000000000e+01
6.554999999999999716e+01
6.559999999999998010e+01
6.565000000000000568e+01
6.570000000000000284e+01
6.575000000000000000e+01
6.579999999999999716e+01
6.584999999999999432e+01
6.590000000000000568e+01
6.595000000000000284e+01
6.600000000000000000e+01
6.605000000000001137e+01
6.609999999999998010e+01
6.615000000000000568e+01
6.620000000000000284e+01
6.625000000000000000e+01
6.629999999999999716e+01
6.634999999999999432e+01
6.640000000000000568e+01
6.645000000000000284e+01
6.650000000000000000e+01
6.654999999999999716e+01
6.659999999999999432e+01
6.665000000000000568e+01
6.670000000000000284e+01
6.675000000000000000e+01
6.679999999999999716e+01
6.684999999999998010e+01
6.690000000000000568e+01
6.695000000000000284e+01
6.700000000000000000e+01
6.704999999999999716e+01
6.709999999999999432e+01
6.715000000000000568e+01
6.720000000000000284e+01
6.725000000000000000e+01
6.730000000000001137e+01
6.734999999999998010e+01
6.740000000000000568e+01
6.745000000000000284e+01
6.750000000000000000e+01
6.754999999999999716e+01
6.759999999999999432e+01
6.765000000000000568e+01
6.770000000000000284e+01
6.775000000000000000e+01
6.779999999999999716e+01
6.784999999999999432e+01
6.790000000000000568e+01
6.795000000000000284e+01
6.800000000000000000e+01
6.804999999999999716e+01
6.809999999999998010e+01
6.815000000000000568e+01
6.820000000000000284e+01
6.825000000000000000e+01
6.829999999999999716e+01
6.834999999999999432e+01
6.840000000000000568e+01
6.845000000000000284e+01
6.850000000000000000e+01
6.855000000000001137e+01
6.859999999999998010e+01
6.865000000000000568e+01
6.870000000000000284e+01
6.875000000000000000e+01
6.879999999999999716e+01
6.884999999999999432e+01
6.890000000000000568e+01
6.895000000000000284e+01
6.900000000000000000e+01
6.904999999999999716e+01
6.909999999999999432e+01
6.915000000000000568e+01
6.920000000000000284e+01
6.925000000000000000e+01
6.929999999999999716e+01
6.934999999999998010e+01
6.940000000000000568e+01
6.945000000000000284e+01
6.950000000000000000e+01
6.954999999999999716e+01
6.959999999999999432e+01
6.965000000000000568e+01
6.970000000000000284e+01
6.975000000000000000e+01
6.980000000000001137e+01
6.984999999999998010e+01
6.990000000000000568e+01
6.995000000000000284e+01
7.000000000000000000e+01
7.004999999999999716e+01
7.009999999999999432e+01
7.015000000000000568e+01
7.020000000000000284e+01
7.025000000000000000e+01
7.029999999999999716e+01
7.034999999999999432e+01
7.040000000000000568e+01
7.045000000000000284e+01
7.050000000000000000e+01
7.054999999999999716e+01
7.059999999999998010e+01
7.065000000000000568e+01
7.070000000000000284e+01
7.075000000000000000e+01
7.079999999999999716e+01
7.084999999999999432e+01
7.090000000000000568e+01
7.095000000000000284e+01
7.100000000000000000e+01
7.105000000000001137e+01
7.109999999999998010e+01
7.115000000000000568e+01
7.120000000000000284e+01
7.125000000000000000e+01
7.129999999999999716e+01
7.134999999999999432e+01
7.140000000000000568e+01
7.145000000000000284e+01
7.150000000000000000e+01
7.154999999999999716e+01
7.159999999999999432e+01
7.165000000000000568e+01
7.170000000000000284e+01
7.175000000000000000e+01
7.179999999999999716e+01
7.184999999999998010e+01
7.190000000000000568e+01
7.195000000000000284e+01
7.200000000000000000e+01
7.204999999999999716e+01
7.209999999999999432e+01
7.215000000000000568e+01
7.220000000000000284e+01
7.225000000000000000e+01
7.230000000000001137e+01
7.234999999999998010e+01
7.240000000000000568e+01
7.245000000000000284e+01
7.250000000000000000e+01
7.254999999999999716e+01
7.259999999999999432e+01
7.265000000000000568e+01
7.270000000000000284e+01
7.275000000000000000e+01
7.279999999999999716e+01
7.284999999999999432e+01
7.290000000000000568e+01
7.295000000000000284e+01
7.300000000000000000e+01
7.304999999999999716e+01
7.309999999999998010e+01
7.315000000000000568e+01
7.320000000000000284e+01
7.325000000000000000e+01
7.329999999999999716e+01
7.334999999999999432e+01
7.340000000000000568e+01
7.345000000000000284e+01
7.350000000000000000e+01
7.355000000000001137e+01
7.359999999999998010e+01
7.365000000000000568e+01
7.370000000000000284e+01
7.375000000000000000e+01
7.379999999999999716e+01
7.384999999999999432e+01
7.390000000000000568e+01
7.395000000000000284e+01
7.400000000000000000e+01
7.404999999999999716e+01
7.409999999999999432e+01
7.415000000000000568e+01
7.420000000000000284e+01
7.425000000000000000e+01
7.429999999999999716e+01
7.434999999999998010e+01
7.440000000000000568e+01
7.445000000000000284e+01
7.450000000000000000e+01
7.454999999999999716e+01
7.459999999999999432e+01
7.465000000000000568e+01
7.470000000000000284e+01
7.475000000000000000e+01
7.480000000000001137e+01
7.484999999999998010e+01
7.490000000000000568e+01
7.495000000000000284e+01
7.500000000000000000e+01
7.504999999999999716e+01
7.509999999999999432e+01
7.515000000000000568e+01
7.520000000000000284e+01
7.525000000000000000e+01
7.529999999999999716e+01
7.534999999999999432e+01
7.540000000000000568e+01
7.545000000000000284e+01
7.550000000000000000e+01
7.554999999999999716e+01
7.559999999999998010e+01
7.565000000000000568e+01
7.570000000000000284e+01
7.575000000000000000e+01
7.579999999999999716e+01
7.584999999999999432e+01
7.590000000000000568e+01
7.595000000000000284e+01
7.600000000000000000e+01
7.605000000000001137e+01
7.609999999999998010e+01
7.615000000000000568e+01
7.620000000000000284e+01
7.625000000000000000e+01
7.629999999999999716e+01
7.634999999999999432e+01
7.640000000000000568e+01
7.645000000000000284e+01
7.650000000000000000e+01
7.654999999999999716e+01
7.659999999999999432e+01
7.665000000000000568e+01
7.670000000000000284e+01
7.675000000000000000e+01
7.679999999999999716e+01
7.684999999999998010e+01
7.690000000000000568e+01
7.695000000000000284e+01
7.700000000000000000e+01
7.704999999999999716e+01
7.709999999999999432e+01
7.715000000000000568e+01
7.720000000000000284e+01
7.725000000000000000e+01
7.730000000000001137e+01
7.734999999999998010e+01
7.740000000000000568e+01
7.745000000000000284e+01
7.750000000000000000e+01
7.754999999999999716e+01
7.759999999999999432e+01
7.765000000000000568e+01
7.770000000000000284e+01
7.775000000000000000e+01
7.779999999999999716e+01
7.784999999999999432e+01
7.790000000000000568e+01
7.795000000000000284e+01
7.800000000000000000e+01
7.805000000000001137e+01
7.809999999999998010e+01
7.815000000000000568e+01
7.820000000000000284e+01
7.825000000000000000e+01
7.829999999999999716e+01
7.834999999999999432e+01
7.840000000000000568e+01
7.845000000000000284e+01
7.850000000000000000e+01
7.855000000000001137e+01
7.859999999999998010e+01
7.865000000000000568e+01
7.870000000000000284e+01
7.875000000000000000e+01
7.879999999999999716e+01
7.884999999999999432e+01
7.890000000000000568e+01
7.895000000000000284e+01
7.900000000000000000e+01
7.904999999999999716e+01
7.909999999999999432e+01
7.915000000000000568e+01
7.920000000000000284e+01
7.925000000000000000e+01
7.930000000000001137e+01
7.934999999999998010e+01
7.940000000000000568e+01
7.945000000000000284e+01
7.950000000000000000e+01
7.954999999999999716e+01
7.959999999999999432e+01
7.965000000000000568e+01
7.970000000000000284e+01
7.975000000000000000e+01
7.980000000000001137e+01
7.984999999999998010e+01
7.990000000000000568e+01
7.995000000000000284e+01
8.000000000000000000e+01
